0.281
0.226
-0.033
0.108
0.302
0.11
-0.163
0.027
-0.077
0.108
-0.58
-0.622
-0.23
0.01
-0.204
0.099
0.304
0.207
0.228
0.69
0.523
0.502
0.636
0.652
0.627
0.605
0.737
0.456
0.351
0.339
0.1
0.402
0.485
0.607
0.468
0.286
0.563
0.339
0.379
0.371
0.429
0.662
0.58
0.274
0.287
0.081
0.346
0.393
0.475
0.182
0.154
0.116
-0.099
0.113
0.048
0.286
0.306
0.073
0.599
0.632
0.607
0.064
0.028
0.008
0.269
-0.054
-0.034
-0.297
-0.583
-0.366
0.007
-0.246
0.032
-0.01
0.376
-0.125
0.112
0.494
0.699
0.526
0.693
0.798
0.738
0.231
0.881
0.952
1.03
0.954
0.978
1.008
0.991
0.887
0.8
0.909
0.046
0.32
0.466
0.453
0.716
0.654
0.721
0.736
0.953
0.658
0.774
0.933
0.975
1.098
1.087
0.847
0.909
0.875
0.992
-0.229
-0.388
-0.437
-0.319
-0.154
-0.114
0.161
0.307
-0.013
-0.267
0.174
0.064
0.207
0.369
0.567
0.862
0.557
0.866
1.162
1.073
1.089
1.036
1.344
0.917
0.818
1.226
0.779
0.907
-0.868
-1.432
0.442
0.813
-1.193
0.553
0.391
0.674
-2.286
-2.49
-1.871
-1.113
-1.769
-1.523
-2.642
-2.135
-1.664
-1.067
-2.198
-2.771
-1.816
-0.69
-0.002
-0.098
0.255
0.461
0.407
0.582
0.844
1.056
0.669
0.548
1.039
1.171
0.979
0.938
1.232
0.591
1.081
0.772
1.129
1.103
-0.077
0.719
0.684
0.865
0.131
0.586
0.458
0.532
0.712
0.593
0.435
0.513
0.275
-0.057
0.264
-0.757
0.089
-0.238
0.146
0.145
-0.529
-0.53
-0.023
-0.259
-0.13
-0.511
-1.239
-2.323
-0.975
-0.3
0.068
-0.159
0.202
0.274
0.279
0.306
0.216
0.639
0.851
-0.337
-2.515
-0.541
0.452
0.407
0.718
0.361
-0.052
-0.165
-1.066
-2.03
-1.826
-0.922
-0.543
-0.893
-0.073
0.051
0.018
0.536
0.366
-0.83
-2.253
-2.13
-1.124
-0.985
-0.612
-0.685
-0.215
0.309
0.613
0.023
0.208
-0.907
-0.026
0.098
0.494
-0.418
0.096
0.13
0.319
0.806
0.198
-0.226
0.981
1.168
0.682
0.325
-0.38
0.502
-0.146
-0.105
-0.32
-0.3
-0.555
-0.119
-0.636
-0.768
-1.088
-0.569
-0.895
-0.847
-1.041
-0.742
-0.99
-0.629
-0.424
-0.044
-1.368
-0.53
-0.61
0.147
0.635
0.215
0.334
0.38
0.706
0.723
0.782
0.377
0.566
-0.022
-0.767
-1.663
-2.111
-1.219
-2.587
-0.5
-2.79
-1.687
-0.452
-0.559
-0.298
0.33
0.227
0.655
0.578
0.455
0.301
0.134
0.256
0.657
0.701
1.053
0.219
-2.354
-0.611
0.034
-2.486
-0.252
0.287
0.143
0.098
0.005
-0.185
0.011
0.192
0.303
0.128
0.222
0.198
0.622
0.896
0.323
0.848
0.806
0.332
0.42
0.347
0.263
-0.041
0.137
0.537
-0.676
-0.424
0.143
-0.577
-0.266
0.618
0.781
-0.444
0.244
0.545
0.223
0.747
0.73
0.378
0.045
0.661
1.371
0.44
0.46
0.755
0.703
0.919
0.821
1.081
0.861
0.14
-0.262
0.358
0.524
0.72
0.813
0.293
0.516
1.03
0.74
0.796
0.739
0.372
0.514
0.371
0.724
-0.236
0.281
0.665
0.622
0.457
-0.015
-0.782
-0.194
0.259
0.498
-0.19
0.071
-0.064
-0.331
-1.784
-1.59
-0.48
-0.045
0.307
0.068
-0.596
-0.272
0.023
-0.29
-1.828
-0.424
0.118
0.067
-1.478
-1.23
-1.666
-1.061
-0.714
-1.172
-1.352
-1.58
-2.232
-1.798
-0.712
-0.483
-0.122
-0.133
-0.344
-0.994
-0.638
-0.0
-0.627
-0.565
-0.217
-0.007
0.546
0.185
-0.57
-0.179
0.434
0.683
0.648
0.867
0.725
0.981
0.988
0.472
0.664
0.215
0.244
-1.219
-1.966
-1.595
-1.517
-1.855
-1.142
-0.234
-0.99
-0.605
-0.496
-0.549
-2.448
-1.61
-0.559
-0.302
-0.3
-1.721
-1.168
-1.094
-2.171
-2.323
-1.229
-2.205
-2.684
-1.299
0.085
0.288
0.142
-0.23
0.29
-0.349
0.075
0.52
0.427
0.268
0.765
0.223
0.621
0.49
0.375
0.6
0.303
-2.188
-0.709
-0.368
0.017
0.046
-1.169
-0.789
0.332
-0.058
0.613
0.887
-0.364
0.571
0.807
0.831
1.124
1.169
1.018
0.833
0.827
0.492
-0.497
-1.616
-1.039
0.266
0.664
-1.513
-0.84
-0.535
0.134
0.373
0.243
-1.738
-2.5
-0.474
-1.818
-1.09
-1.862
-2.732
-0.914
-0.413
-0.957
-0.152
0.3
0.293
-0.214
0.236
0.366
-1.455
-0.422
-0.217
-0.281
-0.427
-2.382
-2.651
-1.699
-1.09
-0.714
-0.28
-0.361
-2.365
-1.466
-0.324
-0.066
0.015
0.209
-0.266
-0.939
-0.839
0.261
0.354
0.114
0.281
-0.371
0.272
0.006
0.047
-0.091
-0.229
-1.418
-2.225
-2.552
-2.73
-1.432
-0.985
-1.893
-1.987
-1.187
-1.679
-2.441
-2.003
-2.152
-1.491
-0.086
-1.041
-0.312
-0.314
-1.055
0.32
-0.015
0.486
0.777
0.706
0.425
-0.271
-1.062
-0.198
0.016
0.285
0.122
-0.266
-0.938
-2.238
-0.871
-1.076
-1.082
-0.943
-1.645
-2.336
-2.787
-1.407
-0.779
-0.758
-1.682
-1.13
-2.022
-1.512
-1.883
-0.965
-1.393
-1.442
-1.447
-1.582
-0.608
0.134
0.417
0.428
0.292
0.325
0.301
0.306
0.259
-0.622
-2.818
-1.782
-0.661
-1.313
-0.984
-0.944
-0.456
-0.834
-1.017
-1.23
-1.689
-2.836
-2.594
-1.76
-0.855
-0.591
0.053
-0.116
0.186
0.369
-0.442
-0.08
-0.187
0.586
0.088
0.565
-0.108
0.486
0.536
-0.014
0.398
0.4
0.562
-0.565
-0.042
0.215
0.374
0.42
0.493
0.209
-0.11
-0.403
-0.34
-0.31
0.029
0.322
0.611
-0.193
-0.579
-2.153
-0.278
-0.297
0.19
0.213
0.119
-0.606
-0.729
-0.911
-0.264
-0.317
-0.062
0.263
0.51
0.349
0.286
0.306
0.359
0.262
0.101
0.161
0.313
0.374
0.194
-0.101
0.163
0.371
0.292
0.264
0.122
0.409
-0.111
0.144
0.279
0.077
-0.912
-0.217
-0.178
-0.043
0.054
0.026
0.064
0.087
0.003
-0.437
-0.627
-0.276
-1.052
-0.183
0.595
0.391
-0.378
-0.64
-1.293
-0.472
0.004
0.103
-0.03
0.126
-0.466
-2.379
-1.703
-0.538
0.012
0.258
0.365
0.145
-0.072
-0.159
0.057
0.051
0.1
-0.52
-1.196
-0.254
-0.221
0.023
0.017
-0.199
-0.067
-0.123
-1.885
-2.463
-1.673
-0.149
0.004
-0.299
0.321
0.412
0.409
0.128
-0.341
-0.432
-0.15
-0.699
-2.388
-1.312
-1.096
-0.89
-1.474
-2.423
-1.629
-2.199
-2.677
-1.521
-0.229
0.112
0.125
0.23
0.201
0.155
-0.628
-0.672
-0.015
0.029
-0.368
-1.532
-1.056
-0.213
0.264
0.403
0.521
0.365
0.658
0.752
0.846
0.8
0.431
0.685
0.69
0.934
0.051
0.42
0.466
0.524
0.403
0.409
0.177
0.416
0.428
0.158
0.477
0.082
0.215
0.295
0.059
0.377
0.573
0.585
0.154
-0.354
-0.021
-0.503
-2.32
-2.712
-1.001
-1.136
-2.726
-2.693
-0.777
-0.206
-0.089
0.164
0.31
0.302
0.185
-0.886
-0.776
-0.135
-0.001
-0.133
-0.019
-0.25
0.03
0.105
-0.758
-1.817
-1.031
0.242
0.242
0.361
0.458
0.647
0.389
-1.301
-0.422
-0.107
-1.559
-0.21
0.227
-0.031
0.32
0.152
0.171
0.392
0.184
0.191
-0.123
0.243
0.053
0.107
-0.122
0.146
0.046
-1.633
-2.753
-2.68
-0.744
-1.615
-0.169
-0.034
0.172
0.057
0.197
-0.122
0.059
0.059
0.048
-1.04
-0.281
-0.374
-1.208
-2.104
-0.987
-0.132
-0.916
-0.497
-1.784
-2.714
-1.327
-0.297
-0.332
-0.105
-0.675
-0.508
-0.147
0.063
0.079
0.195
-1.126
-0.28
0.151
0.106
0.231
-0.173
-0.357
-0.878
-1.134
-0.945
-0.488
-0.308
-0.442
-0.063
-0.103
0.384
0.7
0.673
0.693
0.63
0.602
0.464
0.063
-0.012
0.106
-0.368
0.24
0.109
0.248
0.635
0.719
-1.375
-1.733
0.047
-1.236
-1.346
-0.667
-1.167
-0.946
-0.186
-0.109
-0.172
-0.94
-1.133
-0.799
-1.796
-2.611
-1.398
-0.304
0.357
0.196
0.267
0.236
0.631
0.575
-0.199
-1.003
-0.044
0.425
0.288
0.148
-0.798
-0.289
-0.273
0.159
0.553
0.083
0.564
0.243
0.269
-0.188
-0.612
-0.543
-0.59
-0.063
0.005
0.376
0.069
0.596
0.693
1.173
0.722
1.033
1.158
-0.428
0.594
0.555
0.718
0.155
0.141
0.296
0.041
-0.179
-0.228
-0.087
-2.347
-1.66
-0.347
-0.292
0.202
0.18
0.292
-0.941
-2.453
-0.938
-1.543
-1.669
-0.399
0.103
0.442
0.198
0.171
-0.646
-0.04
0.173
0.19
0.225
0.294
0.729
0.167
-0.331
0.074
-1.287
0.078
0.189
-0.116
-0.557
0.231
0.32
0.275
-0.626
-1.293
0.473
0.71
-0.484
-0.354
0.156
0.461
0.575
0.337
-0.655
-0.345
-0.057
-0.239
-1.478
-0.165
-0.346
0.244
0.057
-0.077
-1.001
-0.067
0.423
0.192
0.307
0.728
0.912
-0.364
0.316
-0.465
0.148
-0.365
0.698
0.306
-0.474
0.25
0.21
0.132
0.372
-0.34
0.735
0.815
0.078
-0.673
-0.874
-1.064
-0.663
-0.733
0.071
0.078
0.256
0.256
0.053
-0.341
0.285
0.232
-0.108
0.272
0.111
0.473
0.13
0.57
-0.357
-0.54
0.234
0.169
0.197
-0.099
-0.49
-0.001
0.165
0.258
0.682
0.633
0.216
0.651
0.702
1.018
0.591
0.705
-0.921
0.064
-0.773
0.05
0.257
0.415
-0.173
-0.67
-0.875
-0.6
0.171
0.021
0.236
0.311
-0.133
-0.093
0.032
0.223
-0.18
0.388
0.181
1.108
0.964
0.989
0.808
-0.233
-0.392
-0.31
0.007
-0.102
0.438
0.467
1.003
1.192
0.801
0.842
0.476
0.83
0.848
0.689
0.188
0.149
0.186
0.21
0.294
-0.541
-0.051
0.144
-0.587
-0.338
-0.55
-0.261
-0.816
-0.196
0.005
0.238
0.077
-0.165
-0.212
0.152
-0.263
-1.324
-1.614
-0.996
-0.905
-0.387
-0.259
-0.375
-0.564
-0.588
-0.062
0.021
0.035
0.133
-0.067
-0.012
0.095
-0.076
-0.121
-0.418
0.251
0.408
0.249
0.39
0.45
0.146
0.298
0.445
0.346
0.752
0.471
0.49
0.436
0.106
-0.294
-0.278
0.035
-0.265
-0.147
0.008
-1.225
-1.144
-1.839
-2.363
-2.383
-2.502
-2.07
-0.381
0.076
0.173
0.246
0.231
0.213
0.459
0.673
0.202
0.178
0.187
0.129
0.139
-0.31
-0.026
0.226
0.206
0.148
-0.521
-0.133
0.09
0.342
0.528
0.741
0.709
0.64
0.408
0.702
0.498
0.135
-0.278
-0.014
-0.706
-0.356
-0.703
-0.38
-1.074
-0.65
-0.535
-0.846
-0.783
-1.262
-2.072
-1.333
-2.144
-1.468
-1.481
-2.735
-2.641
-2.764
-2.771
-2.086
-0.886
-0.295
-1.722
-0.522
-2.271
-2.159
-0.955
-2.378
-1.697
-0.985
-0.609
-0.754
-0.816
-0.814
-1.638
-1.521
-1.022
-0.803
-1.139
-0.628
-0.319
-0.379
-0.436
-0.09
0.144
0.203
-0.007
-0.184
-0.343
-0.345
-0.118
-0.246
-2.113
-2.13
-1.147
-0.556
-0.735
-0.637
0.136
0.146
0.194
0.211
0.256
-0.873
-1.423
-0.5
-0.079
-1.045
-1.079
-1.34
-2.346
-2.172
-1.225
-1.214
-1.147
-0.971
-0.678
-0.426
0.024
-0.564
-0.682
-1.262
-0.794
-1.222
-0.239
-0.278
-0.803
0.107
-1.182
-0.362
0.123
-1.313
-1.072
-0.728
-0.451
-0.799
-1.924
-1.052
-0.698
-0.71
-0.752
-0.473
-1.346
-2.086
-2.752
-0.642
-0.243
0.217
0.38
-0.029
-1.385
-2.402
-2.56
-2.826
-1.684
-1.65
-1.53
-1.532
-1.197
-2.075
-1.117
-2.136
-1.446
-0.708
-0.227
-0.456
-0.593
-0.12
-0.797
-0.521
-0.513
-0.868
-1.106
-1.34
-2.654
-2.445
-2.614
-2.712
-2.409
-1.191
-1.226
-0.905
-1.16
-0.928
-0.614
-0.398
-1.501
-1.752
-1.926
-2.268
-1.298
-1.735
-2.172
-1.796
-2.283
-2.461
-2.36
-1.962
-1.735
-1.953
-2.421
-2.341
-1.359
-1.277
-1.008
-1.163
-2.213
-0.742
-0.653
-0.465
-0.487
-0.149
-0.34
0.132
-0.492
0.233
0.471
0.416
0.537
0.903
0.638
0.445
0.496
-0.267
0.179
-0.73
0.237
-0.28
-0.073
0.083
0.488
0.307
-0.13
-0.275
-0.864
-0.417
0.235
-0.186
0.133
-0.18
0.181
0.395
0.463
0.374
0.551
0.483
0.55
0.22
0.465
0.407
0.292
-0.725
-1.459
-1.722
-0.82
-1.179
-0.543
0.037
0.282
0.132
0.454
0.111
0.68
0.579
0.256
0.74
0.408
0.499
0.573
0.897
0.725
0.316
0.42
-0.635
0.155
0.431
0.518
0.369
0.227
0.118
0.198
0.131
0.34
0.149
0.524
0.757
-0.208
0.424
-1.354
-0.432
0.227
0.533
0.474
0.655
0.611
-0.055
0.374
0.709
0.85
0.494
-0.147
-1.003
-1.92
-2.274
-0.641
0.346
0.016
-1.201
-2.386
-2.021
-1.227
-1.194
-1.424
-0.939
-0.994
-0.684
-0.233
-0.368
-0.095
-0.068
-0.066
0.042
0.035
0.354
0.47
0.46
0.465
0.716
0.858
0.814
-0.517
-0.01
-0.046
-1.096
-1.871
-2.635
-2.796
-1.403
-0.389
0.108
0.256
0.489
0.505
0.48
0.37
0.298
0.649
0.606
-0.062
-0.427
-1.124
-1.389
-1.677
-1.904
-1.24
-1.071
-1.024
-1.609
-0.978
-0.208
0.193
0.466
0.2
0.204
0.074
-0.057
-0.317
0.023
0.23
0.209
0.247
-0.023
-0.541
0.257
0.549
0.841
0.939
0.997
1.165
1.201
1.02
1.086
1.052
1.037
1.107
1.31
1.159
1.227
1.396
1.493
1.261
1.727
1.779
1.541
0.968
1.665
1.365
1.238
1.306
1.34
1.259
1.475
1.309
1.065
1.474
1.042
0.842
-0.385
-2.322
-2.589
-2.384
-2.71
-0.295
0.163
0.401
0.292
0.421
0.376
0.26
0.368
-0.268
0.03
-0.305
0.037
0.248
-0.391
-0.611
-0.113
0.699
0.745
0.135
0.37
0.326
0.767
0.703
0.796
0.943
0.379
0.922
1.066
1.088
0.727
0.638
0.673
0.908
0.733
0.735
0.845
1.002
0.984
1.001
0.919
0.399
0.631
0.72
-2.332
-1.609
-1.038
-0.455
-0.888
0.146
0.145
0.145
0.729
0.495
0.721
0.967
0.993
0.567
0.411
0.44
-1.059
-2.176
-2.419
-2.316
0.062
-2.309
-2.05
-0.887
-1.109
-1.525
-2.836
-1.53
-1.449
-1.074
-0.389
-0.084
-0.456
-0.755
-0.948
-0.206
0.331
0.53
0.574
0.712
0.754
0.594
0.727
0.084
0.223
-0.36
0.234
0.243
0.059
0.376
0.814
0.73
0.257
0.751
0.609
0.522
0.058
0.185
0.072
0.116
0.082
-1.305
-1.072
-2.082
-2.665
-1.182
-0.802
-0.856
-2.604
-0.787
-1.3
-2.26
-0.54
-0.323
-0.601
-0.571
-1.26
-0.944
-0.104
-1.142
-1.303
-2.026
-1.435
-1.536
-0.714
-2.808
-0.927
-2.119
-1.552
-0.36
0.596
0.558
0.669
0.548
0.604
-0.458
-1.3
-0.715
0.269
0.592
0.412
-1.303
-0.374
0.229
0.369
0.765
0.679
0.736
0.68
0.582
0.877
0.798
0.823
0.653
0.549
-0.702
-0.406
0.396
0.585
0.169
-0.748
-2.76
-0.965
-0.301
-1.202
0.341
0.405
0.253
-0.501
-0.456
-0.378
-0.916
0.065
0.386
0.321
0.395
0.72
0.626
0.737
0.262
-0.936
-0.594
-1.328
-2.267
-2.254
-0.957
-2.387
-0.771
0.441
0.617
0.539
0.417
0.617
-0.445
0.442
0.433
0.149
-1.21
-0.457
0.182
-0.082
-2.448
-0.641
-1.55
-0.437
0.477
0.915
0.659
0.472
-1.476
-0.456
0.279
-0.096
-2.156
-0.235
-0.467
-1.15
0.251
0.059
-2.491
-1.715
-2.745
-2.542
-0.9
-1.001
-0.844
-0.715
-0.656
-0.661
-0.54
-0.497
-0.559
0.113
-0.3
0.377
0.356
0.097
-0.552
0.094
-0.53
-1.709
-0.316
-0.478
-0.498
-0.474
-0.778
-0.557
0.165
0.426
0.738
0.741
0.694
0.693
-0.005
-0.354
-0.265
-0.458
-0.44
-0.079
0.137
-0.114
-0.501
-0.595
-2.184
-2.735
-2.732
-2.738
-2.748
